(kicad_pcb (version 20171130) (host pcbnew 5.0.1-33cea8e~68~ubuntu18.04.1)

  (general
    (thickness 1.6)
    (drawings 4)
    (tracks 0)
    (zones 0)
    (modules 109)
    (nets 105)
  )

  (page A4)
  (layers
    (0 F.Cu signal)
    (31 B.Cu signal)
    (32 B.Adhes user)
    (33 F.Adhes user)
    (34 B.Paste user)
    (35 F.Paste user)
    (36 B.SilkS user)
    (37 F.SilkS user)
    (38 B.Mask user)
    (39 F.Mask user)
    (40 Dwgs.User user)
    (41 Cmts.User user)
    (42 Eco1.User user)
    (43 Eco2.User user)
    (44 Edge.Cuts user)
    (45 Margin user)
    (46 B.CrtYd user)
    (47 F.CrtYd user)
    (48 B.Fab user)
    (49 F.Fab user)
  )

  (setup
    (last_trace_width 0.25)
    (trace_clearance 0.2)
    (zone_clearance 0.508)
    (zone_45_only no)
    (trace_min 0.2)
    (segment_width 0.2)
    (edge_width 0.15)
    (via_size 0.8)
    (via_drill 0.4)
    (via_min_size 0.4)
    (via_min_drill 0.3)
    (uvia_size 0.3)
    (uvia_drill 0.1)
    (uvias_allowed no)
    (uvia_min_size 0.2)
    (uvia_min_drill 0.1)
    (pcb_text_width 0.3)
    (pcb_text_size 1.5 1.5)
    (mod_edge_width 0.15)
    (mod_text_size 1 1)
    (mod_text_width 0.15)
    (pad_size 1.524 1.524)
    (pad_drill 0.762)
    (pad_to_mask_clearance 0.051)
    (solder_mask_min_width 0.25)
    (aux_axis_origin 0 0)
    (visible_elements FFFFFF1F)
    (pcbplotparams
      (layerselection 0x010fc_ffffffff)
      (usegerberextensions false)
      (usegerberattributes false)
      (usegerberadvancedattributes false)
      (creategerberjobfile false)
      (excludeedgelayer true)
      (linewidth 0.100000)
      (plotframeref false)
      (viasonmask false)
      (mode 1)
      (useauxorigin false)
      (hpglpennumber 1)
      (hpglpenspeed 20)
      (hpglpendiameter 15.000000)
      (psnegative false)
      (psa4output false)
      (plotreference true)
      (plotvalue true)
      (plotinvisibletext false)
      (padsonsilk false)
      (subtractmaskfromsilk false)
      (outputformat 1)
      (mirror false)
      (drillshape 1)
      (scaleselection 1)
      (outputdirectory ""))
  )

  (net 0 "")
  (net 1 "Net-(JP18-Pad1)")
  (net 2 "Net-(JP20-Pad1)")
  (net 3 "Net-(JP14-Pad1)")
  (net 4 "Net-(JP10-Pad1)")
  (net 5 "Net-(JP39-Pad1)")
  (net 6 "Net-(JP41-Pad1)")
  (net 7 "Net-(JP44-Pad1)")
  (net 8 "Net-(JP42-Pad1)")
  (net 9 /P1.0)
  (net 10 "Net-(D10-Pad2)")
  (net 11 GND)
  (net 12 "Net-(R7-Pad2)")
  (net 13 "Net-(C4-Pad1)")
  (net 14 "Net-(JP38-Pad1)")
  (net 15 "Net-(JP36-Pad1)")
  (net 16 "Net-(JP21-Pad1)")
  (net 17 "Net-(JP35-Pad1)")
  (net 18 "Net-(JP17-Pad1)")
  (net 19 "Net-(JP15-Pad1)")
  (net 20 /DATA)
  (net 21 "Net-(JP9-Pad1)")
  (net 22 /SENSE_1)
  (net 23 "Net-(JP59-Pad2)")
  (net 24 /NITINOL_1)
  (net 25 "Net-(JP60-Pad2)")
  (net 26 +3V3)
  (net 27 "Net-(D2-Pad2)")
  (net 28 +5V)
  (net 29 "Net-(JP8-Pad2)")
  (net 30 "Net-(U1-Pad4)")
  (net 31 "Net-(JP45-Pad2)")
  (net 32 "Net-(JP44-Pad2)")
  (net 33 "Net-(JP46-Pad1)")
  (net 34 "Net-(JP40-Pad1)")
  (net 35 "Net-(JP38-Pad2)")
  (net 36 "Net-(JP39-Pad2)")
  (net 37 "Net-(JP42-Pad2)")
  (net 38 "Net-(JP41-Pad2)")
  (net 39 "Net-(JP43-Pad1)")
  (net 40 "Net-(JP37-Pad1)")
  (net 41 "Net-(JP35-Pad2)")
  (net 42 "Net-(JP36-Pad2)")
  (net 43 "Net-(JP21-Pad2)")
  (net 44 "Net-(JP20-Pad2)")
  (net 45 "Net-(JP22-Pad1)")
  (net 46 "Net-(JP19-Pad1)")
  (net 47 "Net-(JP17-Pad2)")
  (net 48 "Net-(JP18-Pad2)")
  (net 49 "Net-(JP15-Pad2)")
  (net 50 "Net-(JP14-Pad2)")
  (net 51 "Net-(JP16-Pad1)")
  (net 52 "Net-(JP13-Pad1)")
  (net 53 "Net-(JP9-Pad2)")
  (net 54 "Net-(JP10-Pad2)")
  (net 55 /P0.1)
  (net 56 /P0.0)
  (net 57 "Net-(C10-Pad1)")
  (net 58 /C2CK)
  (net 59 /C2D)
  (net 60 /P1.6)
  (net 61 /P1.5)
  (net 62 /P1.4)
  (net 63 /P1.3)
  (net 64 /P1.2)
  (net 65 /P1.1)
  (net 66 /P0.7)
  (net 67 /P0.6)
  (net 68 /P0.5)
  (net 69 /P0.4)
  (net 70 /P0.3)
  (net 71 /P0.2)
  (net 72 "Net-(D3-Pad1)")
  (net 73 "Net-(D3-Pad2)")
  (net 74 "Net-(D3-Pad3)")
  (net 75 "Net-(D1-Pad3)")
  (net 76 "Net-(D1-Pad2)")
  (net 77 "Net-(D1-Pad1)")
  (net 78 "Net-(D4-Pad1)")
  (net 79 "Net-(D4-Pad2)")
  (net 80 "Net-(D4-Pad3)")
  (net 81 "Net-(D5-Pad3)")
  (net 82 "Net-(D5-Pad2)")
  (net 83 "Net-(D5-Pad1)")
  (net 84 "Net-(D6-Pad1)")
  (net 85 "Net-(D6-Pad2)")
  (net 86 "Net-(D6-Pad3)")
  (net 87 "Net-(D7-Pad3)")
  (net 88 "Net-(D7-Pad2)")
  (net 89 "Net-(D7-Pad1)")
  (net 90 "Net-(D8-Pad1)")
  (net 91 "Net-(D8-Pad2)")
  (net 92 "Net-(D8-Pad3)")
  (net 93 "Net-(D9-Pad3)")
  (net 94 "Net-(D9-Pad2)")
  (net 95 "Net-(D9-Pad1)")
  (net 96 /DI)
  (net 97 /DO)
  (net 98 "Net-(JP45-Pad1)")
  (net 99 /TOUCH)
  (net 100 /NITINOL_2)
  (net 101 /SENSE_2)
  (net 102 "Net-(J7-Pad1)")
  (net 103 "Net-(J1-Pad1)")
  (net 104 "Net-(J4-Pad10)")

  (net_class Default "This is the default net class."
    (clearance 0.2)
    (trace_width 0.25)
    (via_dia 0.8)
    (via_drill 0.4)
    (uvia_dia 0.3)
    (uvia_drill 0.1)
    (add_net +3V3)
    (add_net +5V)
    (add_net /C2CK)
    (add_net /C2D)
    (add_net /DATA)
    (add_net /DI)
    (add_net /DO)
    (add_net /NITINOL_1)
    (add_net /NITINOL_2)
    (add_net /P0.0)
    (add_net /P0.1)
    (add_net /P0.2)
    (add_net /P0.3)
    (add_net /P0.4)
    (add_net /P0.5)
    (add_net /P0.6)
    (add_net /P0.7)
    (add_net /P1.0)
    (add_net /P1.1)
    (add_net /P1.2)
    (add_net /P1.3)
    (add_net /P1.4)
    (add_net /P1.5)
    (add_net /P1.6)
    (add_net /SENSE_1)
    (add_net /SENSE_2)
    (add_net /TOUCH)
    (add_net GND)
    (add_net "Net-(C10-Pad1)")
    (add_net "Net-(C4-Pad1)")
    (add_net "Net-(D1-Pad1)")
    (add_net "Net-(D1-Pad2)")
    (add_net "Net-(D1-Pad3)")
    (add_net "Net-(D10-Pad2)")
    (add_net "Net-(D2-Pad2)")
    (add_net "Net-(D3-Pad1)")
    (add_net "Net-(D3-Pad2)")
    (add_net "Net-(D3-Pad3)")
    (add_net "Net-(D4-Pad1)")
    (add_net "Net-(D4-Pad2)")
    (add_net "Net-(D4-Pad3)")
    (add_net "Net-(D5-Pad1)")
    (add_net "Net-(D5-Pad2)")
    (add_net "Net-(D5-Pad3)")
    (add_net "Net-(D6-Pad1)")
    (add_net "Net-(D6-Pad2)")
    (add_net "Net-(D6-Pad3)")
    (add_net "Net-(D7-Pad1)")
    (add_net "Net-(D7-Pad2)")
    (add_net "Net-(D7-Pad3)")
    (add_net "Net-(D8-Pad1)")
    (add_net "Net-(D8-Pad2)")
    (add_net "Net-(D8-Pad3)")
    (add_net "Net-(D9-Pad1)")
    (add_net "Net-(D9-Pad2)")
    (add_net "Net-(D9-Pad3)")
    (add_net "Net-(J1-Pad1)")
    (add_net "Net-(J4-Pad10)")
    (add_net "Net-(J7-Pad1)")
    (add_net "Net-(JP10-Pad1)")
    (add_net "Net-(JP10-Pad2)")
    (add_net "Net-(JP13-Pad1)")
    (add_net "Net-(JP14-Pad1)")
    (add_net "Net-(JP14-Pad2)")
    (add_net "Net-(JP15-Pad1)")
    (add_net "Net-(JP15-Pad2)")
    (add_net "Net-(JP16-Pad1)")
    (add_net "Net-(JP17-Pad1)")
    (add_net "Net-(JP17-Pad2)")
    (add_net "Net-(JP18-Pad1)")
    (add_net "Net-(JP18-Pad2)")
    (add_net "Net-(JP19-Pad1)")
    (add_net "Net-(JP20-Pad1)")
    (add_net "Net-(JP20-Pad2)")
    (add_net "Net-(JP21-Pad1)")
    (add_net "Net-(JP21-Pad2)")
    (add_net "Net-(JP22-Pad1)")
    (add_net "Net-(JP35-Pad1)")
    (add_net "Net-(JP35-Pad2)")
    (add_net "Net-(JP36-Pad1)")
    (add_net "Net-(JP36-Pad2)")
    (add_net "Net-(JP37-Pad1)")
    (add_net "Net-(JP38-Pad1)")
    (add_net "Net-(JP38-Pad2)")
    (add_net "Net-(JP39-Pad1)")
    (add_net "Net-(JP39-Pad2)")
    (add_net "Net-(JP40-Pad1)")
    (add_net "Net-(JP41-Pad1)")
    (add_net "Net-(JP41-Pad2)")
    (add_net "Net-(JP42-Pad1)")
    (add_net "Net-(JP42-Pad2)")
    (add_net "Net-(JP43-Pad1)")
    (add_net "Net-(JP44-Pad1)")
    (add_net "Net-(JP44-Pad2)")
    (add_net "Net-(JP45-Pad1)")
    (add_net "Net-(JP45-Pad2)")
    (add_net "Net-(JP46-Pad1)")
    (add_net "Net-(JP59-Pad2)")
    (add_net "Net-(JP60-Pad2)")
    (add_net "Net-(JP8-Pad2)")
    (add_net "Net-(JP9-Pad1)")
    (add_net "Net-(JP9-Pad2)")
    (add_net "Net-(R7-Pad2)")
    (add_net "Net-(U1-Pad4)")
  )

  (module Capacitor_SMD:C_0603_1608Metric_Pad1.05x0.95mm_HandSolder (layer F.Cu) (tedit 5B301BBE) (tstamp 5C35364F)
    (at 174.285001 61.965001)
    (descr "Capacitor SMD 0603 (1608 Metric), square (rectangular) end terminal, IPC_7351 nominal with elongated pad for handsoldering. (Body size source: http://www.tortai-tech.com/upload/download/2011102023233369053.pdf), generated with kicad-footprint-generator")
    (tags "capacitor handsolder")
    (path /5BCEBC6F)
    (attr smd)
    (fp_text reference C1 (at 0 -1.43) (layer F.SilkS)
      (effects (font (size 1 1) (thickness 0.15)))
    )
    (fp_text value 10uF (at 0 1.43) (layer F.Fab)
      (effects (font (size 1 1) (thickness 0.15)))
    )
    (fp_line (start -0.8 0.4) (end -0.8 -0.4) (layer F.Fab) (width 0.1))
    (fp_line (start -0.8 -0.4) (end 0.8 -0.4) (layer F.Fab) (width 0.1))
    (fp_line (start 0.8 -0.4) (end 0.8 0.4) (layer F.Fab) (width 0.1))
    (fp_line (start 0.8 0.4) (end -0.8 0.4) (layer F.Fab) (width 0.1))
    (fp_line (start -0.171267 -0.51) (end 0.171267 -0.51) (layer F.SilkS) (width 0.12))
    (fp_line (start -0.171267 0.51) (end 0.171267 0.51) (layer F.SilkS) (width 0.12))
    (fp_line (start -1.65 0.73) (end -1.65 -0.73) (layer F.CrtYd) (width 0.05))
    (fp_line (start -1.65 -0.73) (end 1.65 -0.73) (layer F.CrtYd) (width 0.05))
    (fp_line (start 1.65 -0.73) (end 1.65 0.73) (layer F.CrtYd) (width 0.05))
    (fp_line (start 1.65 0.73) (end -1.65 0.73) (layer F.CrtYd) (width 0.05))
    (fp_text user %R (at 0 0) (layer F.Fab)
      (effects (font (size 0.4 0.4) (thickness 0.06)))
    )
    (pad 1 smd roundrect (at -0.875 0) (size 1.05 0.95) (layers F.Cu F.Paste F.Mask) (roundrect_rratio 0.25)
      (net 28 +5V))
    (pad 2 smd roundrect (at 0.875 0) (size 1.05 0.95) (layers F.Cu F.Paste F.Mask) (roundrect_rratio 0.25)
      (net 11 GND))
    (model ${KISYS3DMOD}/Capacitor_SMD.3dshapes/C_0603_1608Metric.wrl
      (at (xyz 0 0 0))
      (scale (xyz 1 1 1))
      (rotate (xyz 0 0 0))
    )
  )

  (module Capacitor_SMD:C_0603_1608Metric_Pad1.05x0.95mm_HandSolder (layer F.Cu) (tedit 5B301BBE) (tstamp 5C35367F)
    (at 167.235001 69.375001)
    (descr "Capacitor SMD 0603 (1608 Metric), square (rectangular) end terminal, IPC_7351 nominal with elongated pad for handsoldering. (Body size source: http://www.tortai-tech.com/upload/download/2011102023233369053.pdf), generated with kicad-footprint-generator")
    (tags "capacitor handsolder")
    (path /5C4576BC)
    (attr smd)
    (fp_text reference C11 (at 0 -1.43) (layer F.SilkS)
      (effects (font (size 1 1) (thickness 0.15)))
    )
    (fp_text value 0.1uF (at 0 1.43) (layer F.Fab)
      (effects (font (size 1 1) (thickness 0.15)))
    )
    (fp_text user %R (at 0 0) (layer F.Fab)
      (effects (font (size 0.4 0.4) (thickness 0.06)))
    )
    (fp_line (start 1.65 0.73) (end -1.65 0.73) (layer F.CrtYd) (width 0.05))
    (fp_line (start 1.65 -0.73) (end 1.65 0.73) (layer F.CrtYd) (width 0.05))
    (fp_line (start -1.65 -0.73) (end 1.65 -0.73) (layer F.CrtYd) (width 0.05))
    (fp_line (start -1.65 0.73) (end -1.65 -0.73) (layer F.CrtYd) (width 0.05))
    (fp_line (start -0.171267 0.51) (end 0.171267 0.51) (layer F.SilkS) (width 0.12))
    (fp_line (start -0.171267 -0.51) (end 0.171267 -0.51) (layer F.SilkS) (width 0.12))
    (fp_line (start 0.8 0.4) (end -0.8 0.4) (layer F.Fab) (width 0.1))
    (fp_line (start 0.8 -0.4) (end 0.8 0.4) (layer F.Fab) (width 0.1))
    (fp_line (start -0.8 -0.4) (end 0.8 -0.4) (layer F.Fab) (width 0.1))
    (fp_line (start -0.8 0.4) (end -0.8 -0.4) (layer F.Fab) (width 0.1))
    (pad 2 smd roundrect (at 0.875 0) (size 1.05 0.95) (layers F.Cu F.Paste F.Mask) (roundrect_rratio 0.25)
      (net 11 GND))
    (pad 1 smd roundrect (at -0.875 0) (size 1.05 0.95) (layers F.Cu F.Paste F.Mask) (roundrect_rratio 0.25)
      (net 28 +5V))
    (model ${KISYS3DMOD}/Capacitor_SMD.3dshapes/C_0603_1608Metric.wrl
      (at (xyz 0 0 0))
      (scale (xyz 1 1 1))
      (rotate (xyz 0 0 0))
    )
  )

  (module Capacitor_SMD:C_0603_1608Metric_Pad1.05x0.95mm_HandSolder (layer F.Cu) (tedit 5B301BBE) (tstamp 5C3536AF)
    (at 150.325001 84.215001)
    (descr "Capacitor SMD 0603 (1608 Metric), square (rectangular) end terminal, IPC_7351 nominal with elongated pad for handsoldering. (Body size source: http://www.tortai-tech.com/upload/download/2011102023233369053.pdf), generated with kicad-footprint-generator")
    (tags "capacitor handsolder")
    (path /5BF05BEC)
    (attr smd)
    (fp_text reference C10 (at 0 -1.43) (layer F.SilkS)
      (effects (font (size 1 1) (thickness 0.15)))
    )
    (fp_text value 0.1uF (at 0 1.43) (layer F.Fab)
      (effects (font (size 1 1) (thickness 0.15)))
    )
    (fp_line (start -0.8 0.4) (end -0.8 -0.4) (layer F.Fab) (width 0.1))
    (fp_line (start -0.8 -0.4) (end 0.8 -0.4) (layer F.Fab) (width 0.1))
    (fp_line (start 0.8 -0.4) (end 0.8 0.4) (layer F.Fab) (width 0.1))
    (fp_line (start 0.8 0.4) (end -0.8 0.4) (layer F.Fab) (width 0.1))
    (fp_line (start -0.171267 -0.51) (end 0.171267 -0.51) (layer F.SilkS) (width 0.12))
    (fp_line (start -0.171267 0.51) (end 0.171267 0.51) (layer F.SilkS) (width 0.12))
    (fp_line (start -1.65 0.73) (end -1.65 -0.73) (layer F.CrtYd) (width 0.05))
    (fp_line (start -1.65 -0.73) (end 1.65 -0.73) (layer F.CrtYd) (width 0.05))
    (fp_line (start 1.65 -0.73) (end 1.65 0.73) (layer F.CrtYd) (width 0.05))
    (fp_line (start 1.65 0.73) (end -1.65 0.73) (layer F.CrtYd) (width 0.05))
    (fp_text user %R (at 0 0) (layer F.Fab)
      (effects (font (size 0.4 0.4) (thickness 0.06)))
    )
    (pad 1 smd roundrect (at -0.875 0) (size 1.05 0.95) (layers F.Cu F.Paste F.Mask) (roundrect_rratio 0.25)
      (net 57 "Net-(C10-Pad1)"))
    (pad 2 smd roundrect (at 0.875 0) (size 1.05 0.95) (layers F.Cu F.Paste F.Mask) (roundrect_rratio 0.25)
      (net 11 GND))
    (model ${KISYS3DMOD}/Capacitor_SMD.3dshapes/C_0603_1608Metric.wrl
      (at (xyz 0 0 0))
      (scale (xyz 1 1 1))
      (rotate (xyz 0 0 0))
    )
  )

  (module Capacitor_SMD:C_0603_1608Metric_Pad1.05x0.95mm_HandSolder (layer F.Cu) (tedit 5B301BBE) (tstamp 5C352773)
    (at 153.675001 84.215001)
    (descr "Capacitor SMD 0603 (1608 Metric), square (rectangular) end terminal, IPC_7351 nominal with elongated pad for handsoldering. (Body size source: http://www.tortai-tech.com/upload/download/2011102023233369053.pdf), generated with kicad-footprint-generator")
    (tags "capacitor handsolder")
    (path /5C457647)
    (attr smd)
    (fp_text reference C9 (at 0 -1.43) (layer F.SilkS)
      (effects (font (size 1 1) (thickness 0.15)))
    )
    (fp_text value 0.1uF (at 0 1.43) (layer F.Fab)
      (effects (font (size 1 1) (thickness 0.15)))
    )
    (fp_text user %R (at 0 0) (layer F.Fab)
      (effects (font (size 0.4 0.4) (thickness 0.06)))
    )
    (fp_line (start 1.65 0.73) (end -1.65 0.73) (layer F.CrtYd) (width 0.05))
    (fp_line (start 1.65 -0.73) (end 1.65 0.73) (layer F.CrtYd) (width 0.05))
    (fp_line (start -1.65 -0.73) (end 1.65 -0.73) (layer F.CrtYd) (width 0.05))
    (fp_line (start -1.65 0.73) (end -1.65 -0.73) (layer F.CrtYd) (width 0.05))
    (fp_line (start -0.171267 0.51) (end 0.171267 0.51) (layer F.SilkS) (width 0.12))
    (fp_line (start -0.171267 -0.51) (end 0.171267 -0.51) (layer F.SilkS) (width 0.12))
    (fp_line (start 0.8 0.4) (end -0.8 0.4) (layer F.Fab) (width 0.1))
    (fp_line (start 0.8 -0.4) (end 0.8 0.4) (layer F.Fab) (width 0.1))
    (fp_line (start -0.8 -0.4) (end 0.8 -0.4) (layer F.Fab) (width 0.1))
    (fp_line (start -0.8 0.4) (end -0.8 -0.4) (layer F.Fab) (width 0.1))
    (pad 2 smd roundrect (at 0.875 0) (size 1.05 0.95) (layers F.Cu F.Paste F.Mask) (roundrect_rratio 0.25)
      (net 11 GND))
    (pad 1 smd roundrect (at -0.875 0) (size 1.05 0.95) (layers F.Cu F.Paste F.Mask) (roundrect_rratio 0.25)
      (net 28 +5V))
    (model ${KISYS3DMOD}/Capacitor_SMD.3dshapes/C_0603_1608Metric.wrl
      (at (xyz 0 0 0))
      (scale (xyz 1 1 1))
      (rotate (xyz 0 0 0))
    )
  )

  (module Capacitor_SMD:C_0603_1608Metric_Pad1.05x0.95mm_HandSolder (layer F.Cu) (tedit 5B301BBE) (tstamp 5C35294A)
    (at 174.035001 63.475001)
    (descr "Capacitor SMD 0603 (1608 Metric), square (rectangular) end terminal, IPC_7351 nominal with elongated pad for handsoldering. (Body size source: http://www.tortai-tech.com/upload/download/2011102023233369053.pdf), generated with kicad-footprint-generator")
    (tags "capacitor handsolder")
    (path /5C4575D2)
    (attr smd)
    (fp_text reference C8 (at 0 -1.43) (layer F.SilkS)
      (effects (font (size 1 1) (thickness 0.15)))
    )
    (fp_text value 0.1uF (at 0 1.43) (layer F.Fab)
      (effects (font (size 1 1) (thickness 0.15)))
    )
    (fp_line (start -0.8 0.4) (end -0.8 -0.4) (layer F.Fab) (width 0.1))
    (fp_line (start -0.8 -0.4) (end 0.8 -0.4) (layer F.Fab) (width 0.1))
    (fp_line (start 0.8 -0.4) (end 0.8 0.4) (layer F.Fab) (width 0.1))
    (fp_line (start 0.8 0.4) (end -0.8 0.4) (layer F.Fab) (width 0.1))
    (fp_line (start -0.171267 -0.51) (end 0.171267 -0.51) (layer F.SilkS) (width 0.12))
    (fp_line (start -0.171267 0.51) (end 0.171267 0.51) (layer F.SilkS) (width 0.12))
    (fp_line (start -1.65 0.73) (end -1.65 -0.73) (layer F.CrtYd) (width 0.05))
    (fp_line (start -1.65 -0.73) (end 1.65 -0.73) (layer F.CrtYd) (width 0.05))
    (fp_line (start 1.65 -0.73) (end 1.65 0.73) (layer F.CrtYd) (width 0.05))
    (fp_line (start 1.65 0.73) (end -1.65 0.73) (layer F.CrtYd) (width 0.05))
    (fp_text user %R (at 0 0) (layer F.Fab)
      (effects (font (size 0.4 0.4) (thickness 0.06)))
    )
    (pad 1 smd roundrect (at -0.875 0) (size 1.05 0.95) (layers F.Cu F.Paste F.Mask) (roundrect_rratio 0.25)
      (net 28 +5V))
    (pad 2 smd roundrect (at 0.875 0) (size 1.05 0.95) (layers F.Cu F.Paste F.Mask) (roundrect_rratio 0.25)
      (net 11 GND))
    (model ${KISYS3DMOD}/Capacitor_SMD.3dshapes/C_0603_1608Metric.wrl
      (at (xyz 0 0 0))
      (scale (xyz 1 1 1))
      (rotate (xyz 0 0 0))
    )
  )

  (module Capacitor_SMD:C_0603_1608Metric_Pad1.05x0.95mm_HandSolder (layer F.Cu) (tedit 5B301BBE) (tstamp 5C3527A3)
    (at 180.985001 56.855001)
    (descr "Capacitor SMD 0603 (1608 Metric), square (rectangular) end terminal, IPC_7351 nominal with elongated pad for handsoldering. (Body size source: http://www.tortai-tech.com/upload/download/2011102023233369053.pdf), generated with kicad-footprint-generator")
    (tags "capacitor handsolder")
    (path /5C45755D)
    (attr smd)
    (fp_text reference C7 (at 0 -1.43) (layer F.SilkS)
      (effects (font (size 1 1) (thickness 0.15)))
    )
    (fp_text value 0.1uF (at 0 1.43) (layer F.Fab)
      (effects (font (size 1 1) (thickness 0.15)))
    )
    (fp_text user %R (at 0 0) (layer F.Fab)
      (effects (font (size 0.4 0.4) (thickness 0.06)))
    )
    (fp_line (start 1.65 0.73) (end -1.65 0.73) (layer F.CrtYd) (width 0.05))
    (fp_line (start 1.65 -0.73) (end 1.65 0.73) (layer F.CrtYd) (width 0.05))
    (fp_line (start -1.65 -0.73) (end 1.65 -0.73) (layer F.CrtYd) (width 0.05))
    (fp_line (start -1.65 0.73) (end -1.65 -0.73) (layer F.CrtYd) (width 0.05))
    (fp_line (start -0.171267 0.51) (end 0.171267 0.51) (layer F.SilkS) (width 0.12))
    (fp_line (start -0.171267 -0.51) (end 0.171267 -0.51) (layer F.SilkS) (width 0.12))
    (fp_line (start 0.8 0.4) (end -0.8 0.4) (layer F.Fab) (width 0.1))
    (fp_line (start 0.8 -0.4) (end 0.8 0.4) (layer F.Fab) (width 0.1))
    (fp_line (start -0.8 -0.4) (end 0.8 -0.4) (layer F.Fab) (width 0.1))
    (fp_line (start -0.8 0.4) (end -0.8 -0.4) (layer F.Fab) (width 0.1))
    (pad 2 smd roundrect (at 0.875 0) (size 1.05 0.95) (layers F.Cu F.Paste F.Mask) (roundrect_rratio 0.25)
      (net 11 GND))
    (pad 1 smd roundrect (at -0.875 0) (size 1.05 0.95) (layers F.Cu F.Paste F.Mask) (roundrect_rratio 0.25)
      (net 28 +5V))
    (model ${KISYS3DMOD}/Capacitor_SMD.3dshapes/C_0603_1608Metric.wrl
      (at (xyz 0 0 0))
      (scale (xyz 1 1 1))
      (rotate (xyz 0 0 0))
    )
  )

  (module Capacitor_SMD:C_0603_1608Metric_Pad1.05x0.95mm_HandSolder (layer F.Cu) (tedit 5B301BBE) (tstamp 5C3527D3)
    (at 163.635001 74.015001)
    (descr "Capacitor SMD 0603 (1608 Metric), square (rectangular) end terminal, IPC_7351 nominal with elongated pad for handsoldering. (Body size source: http://www.tortai-tech.com/upload/download/2011102023233369053.pdf), generated with kicad-footprint-generator")
    (tags "capacitor handsolder")
    (path /5C4341CD)
    (attr smd)
    (fp_text reference C6 (at 0 -1.43) (layer F.SilkS)
      (effects (font (size 1 1) (thickness 0.15)))
    )
    (fp_text value 0.1uF (at 0 1.43) (layer F.Fab)
      (effects (font (size 1 1) (thickness 0.15)))
    )
    (fp_line (start -0.8 0.4) (end -0.8 -0.4) (layer F.Fab) (width 0.1))
    (fp_line (start -0.8 -0.4) (end 0.8 -0.4) (layer F.Fab) (width 0.1))
    (fp_line (start 0.8 -0.4) (end 0.8 0.4) (layer F.Fab) (width 0.1))
    (fp_line (start 0.8 0.4) (end -0.8 0.4) (layer F.Fab) (width 0.1))
    (fp_line (start -0.171267 -0.51) (end 0.171267 -0.51) (layer F.SilkS) (width 0.12))
    (fp_line (start -0.171267 0.51) (end 0.171267 0.51) (layer F.SilkS) (width 0.12))
    (fp_line (start -1.65 0.73) (end -1.65 -0.73) (layer F.CrtYd) (width 0.05))
    (fp_line (start -1.65 -0.73) (end 1.65 -0.73) (layer F.CrtYd) (width 0.05))
    (fp_line (start 1.65 -0.73) (end 1.65 0.73) (layer F.CrtYd) (width 0.05))
    (fp_line (start 1.65 0.73) (end -1.65 0.73) (layer F.CrtYd) (width 0.05))
    (fp_text user %R (at 0 0) (layer F.Fab)
      (effects (font (size 0.4 0.4) (thickness 0.06)))
    )
    (pad 1 smd roundrect (at -0.875 0) (size 1.05 0.95) (layers F.Cu F.Paste F.Mask) (roundrect_rratio 0.25)
      (net 28 +5V))
    (pad 2 smd roundrect (at 0.875 0) (size 1.05 0.95) (layers F.Cu F.Paste F.Mask) (roundrect_rratio 0.25)
      (net 11 GND))
    (model ${KISYS3DMOD}/Capacitor_SMD.3dshapes/C_0603_1608Metric.wrl
      (at (xyz 0 0 0))
      (scale (xyz 1 1 1))
      (rotate (xyz 0 0 0))
    )
  )

  (module Capacitor_SMD:C_0603_1608Metric_Pad1.05x0.95mm_HandSolder (layer F.Cu) (tedit 5B301BBE) (tstamp 5C352803)
    (at 174.035001 64.985001)
    (descr "Capacitor SMD 0603 (1608 Metric), square (rectangular) end terminal, IPC_7351 nominal with elongated pad for handsoldering. (Body size source: http://www.tortai-tech.com/upload/download/2011102023233369053.pdf), generated with kicad-footprint-generator")
    (tags "capacitor handsolder")
    (path /5C434158)
    (attr smd)
    (fp_text reference C5 (at 0 -1.43) (layer F.SilkS)
      (effects (font (size 1 1) (thickness 0.15)))
    )
    (fp_text value 0.1uF (at 0 1.43) (layer F.Fab)
      (effects (font (size 1 1) (thickness 0.15)))
    )
    (fp_text user %R (at 0 0) (layer F.Fab)
      (effects (font (size 0.4 0.4) (thickness 0.06)))
    )
    (fp_line (start 1.65 0.73) (end -1.65 0.73) (layer F.CrtYd) (width 0.05))
    (fp_line (start 1.65 -0.73) (end 1.65 0.73) (layer F.CrtYd) (width 0.05))
    (fp_line (start -1.65 -0.73) (end 1.65 -0.73) (layer F.CrtYd) (width 0.05))
    (fp_line (start -1.65 0.73) (end -1.65 -0.73) (layer F.CrtYd) (width 0.05))
    (fp_line (start -0.171267 0.51) (end 0.171267 0.51) (layer F.SilkS) (width 0.12))
    (fp_line (start -0.171267 -0.51) (end 0.171267 -0.51) (layer F.SilkS) (width 0.12))
    (fp_line (start 0.8 0.4) (end -0.8 0.4) (layer F.Fab) (width 0.1))
    (fp_line (start 0.8 -0.4) (end 0.8 0.4) (layer F.Fab) (width 0.1))
    (fp_line (start -0.8 -0.4) (end 0.8 -0.4) (layer F.Fab) (width 0.1))
    (fp_line (start -0.8 0.4) (end -0.8 -0.4) (layer F.Fab) (width 0.1))
    (pad 2 smd roundrect (at 0.875 0) (size 1.05 0.95) (layers F.Cu F.Paste F.Mask) (roundrect_rratio 0.25)
      (net 11 GND))
    (pad 1 smd roundrect (at -0.875 0) (size 1.05 0.95) (layers F.Cu F.Paste F.Mask) (roundrect_rratio 0.25)
      (net 28 +5V))
    (model ${KISYS3DMOD}/Capacitor_SMD.3dshapes/C_0603_1608Metric.wrl
      (at (xyz 0 0 0))
      (scale (xyz 1 1 1))
      (rotate (xyz 0 0 0))
    )
  )

  (module Capacitor_SMD:C_0603_1608Metric_Pad1.05x0.95mm_HandSolder (layer F.Cu) (tedit 5B301BBE) (tstamp 5C352833)
    (at 156.685001 81.765001)
    (descr "Capacitor SMD 0603 (1608 Metric), square (rectangular) end terminal, IPC_7351 nominal with elongated pad for handsoldering. (Body size source: http://www.tortai-tech.com/upload/download/2011102023233369053.pdf), generated with kicad-footprint-generator")
    (tags "capacitor handsolder")
    (path /5BCEBCFB)
    (attr smd)
    (fp_text reference C4 (at 0 -1.43) (layer F.SilkS)
      (effects (font (size 1 1) (thickness 0.15)))
    )
    (fp_text value 10uF (at 0 1.43) (layer F.Fab)
      (effects (font (size 1 1) (thickness 0.15)))
    )
    (fp_line (start -0.8 0.4) (end -0.8 -0.4) (layer F.Fab) (width 0.1))
    (fp_line (start -0.8 -0.4) (end 0.8 -0.4) (layer F.Fab) (width 0.1))
    (fp_line (start 0.8 -0.4) (end 0.8 0.4) (layer F.Fab) (width 0.1))
    (fp_line (start 0.8 0.4) (end -0.8 0.4) (layer F.Fab) (width 0.1))
    (fp_line (start -0.171267 -0.51) (end 0.171267 -0.51) (layer F.SilkS) (width 0.12))
    (fp_line (start -0.171267 0.51) (end 0.171267 0.51) (layer F.SilkS) (width 0.12))
    (fp_line (start -1.65 0.73) (end -1.65 -0.73) (layer F.CrtYd) (width 0.05))
    (fp_line (start -1.65 -0.73) (end 1.65 -0.73) (layer F.CrtYd) (width 0.05))
    (fp_line (start 1.65 -0.73) (end 1.65 0.73) (layer F.CrtYd) (width 0.05))
    (fp_line (start 1.65 0.73) (end -1.65 0.73) (layer F.CrtYd) (width 0.05))
    (fp_text user %R (at 0 0) (layer F.Fab)
      (effects (font (size 0.4 0.4) (thickness 0.06)))
    )
    (pad 1 smd roundrect (at -0.875 0) (size 1.05 0.95) (layers F.Cu F.Paste F.Mask) (roundrect_rratio 0.25)
      (net 13 "Net-(C4-Pad1)"))
    (pad 2 smd roundrect (at 0.875 0) (size 1.05 0.95) (layers F.Cu F.Paste F.Mask) (roundrect_rratio 0.25)
      (net 11 GND))
    (model ${KISYS3DMOD}/Capacitor_SMD.3dshapes/C_0603_1608Metric.wrl
      (at (xyz 0 0 0))
      (scale (xyz 1 1 1))
      (rotate (xyz 0 0 0))
    )
  )

  (module Capacitor_SMD:C_0603_1608Metric_Pad1.05x0.95mm_HandSolder (layer F.Cu) (tedit 5B301BBE) (tstamp 5C3534D5)
    (at 167.235001 70.885001)
    (descr "Capacitor SMD 0603 (1608 Metric), square (rectangular) end terminal, IPC_7351 nominal with elongated pad for handsoldering. (Body size source: http://www.tortai-tech.com/upload/download/2011102023233369053.pdf), generated with kicad-footprint-generator")
    (tags "capacitor handsolder")
    (path /5C341576)
    (attr smd)
    (fp_text reference C2 (at 0 -1.43) (layer F.SilkS)
      (effects (font (size 1 1) (thickness 0.15)))
    )
    (fp_text value 0.1uF (at 0 1.43) (layer F.Fab)
      (effects (font (size 1 1) (thickness 0.15)))
    )
    (fp_text user %R (at 0 0) (layer F.Fab)
      (effects (font (size 0.4 0.4) (thickness 0.06)))
    )
    (fp_line (start 1.65 0.73) (end -1.65 0.73) (layer F.CrtYd) (width 0.05))
    (fp_line (start 1.65 -0.73) (end 1.65 0.73) (layer F.CrtYd) (width 0.05))
    (fp_line (start -1.65 -0.73) (end 1.65 -0.73) (layer F.CrtYd) (width 0.05))
    (fp_line (start -1.65 0.73) (end -1.65 -0.73) (layer F.CrtYd) (width 0.05))
    (fp_line (start -0.171267 0.51) (end 0.171267 0.51) (layer F.SilkS) (width 0.12))
    (fp_line (start -0.171267 -0.51) (end 0.171267 -0.51) (layer F.SilkS) (width 0.12))
    (fp_line (start 0.8 0.4) (end -0.8 0.4) (layer F.Fab) (width 0.1))
    (fp_line (start 0.8 -0.4) (end 0.8 0.4) (layer F.Fab) (width 0.1))
    (fp_line (start -0.8 -0.4) (end 0.8 -0.4) (layer F.Fab) (width 0.1))
    (fp_line (start -0.8 0.4) (end -0.8 -0.4) (layer F.Fab) (width 0.1))
    (pad 2 smd roundrect (at 0.875 0) (size 1.05 0.95) (layers F.Cu F.Paste F.Mask) (roundrect_rratio 0.25)
      (net 11 GND))
    (pad 1 smd roundrect (at -0.875 0) (size 1.05 0.95) (layers F.Cu F.Paste F.Mask) (roundrect_rratio 0.25)
      (net 28 +5V))
    (model ${KISYS3DMOD}/Capacitor_SMD.3dshapes/C_0603_1608Metric.wrl
      (at (xyz 0 0 0))
      (scale (xyz 1 1 1))
      (rotate (xyz 0 0 0))
    )
  )

  (module Capacitor_SMD:C_0603_1608Metric_Pad1.05x0.95mm_HandSolder (layer F.Cu) (tedit 5B301BBE) (tstamp 5C353505)
    (at 160.135001 77.705001)
    (descr "Capacitor SMD 0603 (1608 Metric), square (rectangular) end terminal, IPC_7351 nominal with elongated pad for handsoldering. (Body size source: http://www.tortai-tech.com/upload/download/2011102023233369053.pdf), generated with kicad-footprint-generator")
    (tags "capacitor handsolder")
    (path /5C420704)
    (attr smd)
    (fp_text reference C3 (at 0 -1.43) (layer F.SilkS)
      (effects (font (size 1 1) (thickness 0.15)))
    )
    (fp_text value 0.1uF (at 0 1.43) (layer F.Fab)
      (effects (font (size 1 1) (thickness 0.15)))
    )
    (fp_line (start -0.8 0.4) (end -0.8 -0.4) (layer F.Fab) (width 0.1))
    (fp_line (start -0.8 -0.4) (end 0.8 -0.4) (layer F.Fab) (width 0.1))
    (fp_line (start 0.8 -0.4) (end 0.8 0.4) (layer F.Fab) (width 0.1))
    (fp_line (start 0.8 0.4) (end -0.8 0.4) (layer F.Fab) (width 0.1))
    (fp_line (start -0.171267 -0.51) (end 0.171267 -0.51) (layer F.SilkS) (width 0.12))
    (fp_line (start -0.171267 0.51) (end 0.171267 0.51) (layer F.SilkS) (width 0.12))
    (fp_line (start -1.65 0.73) (end -1.65 -0.73) (layer F.CrtYd) (width 0.05))
    (fp_line (start -1.65 -0.73) (end 1.65 -0.73) (layer F.CrtYd) (width 0.05))
    (fp_line (start 1.65 -0.73) (end 1.65 0.73) (layer F.CrtYd) (width 0.05))
    (fp_line (start 1.65 0.73) (end -1.65 0.73) (layer F.CrtYd) (width 0.05))
    (fp_text user %R (at 0 0) (layer F.Fab)
      (effects (font (size 0.4 0.4) (thickness 0.06)))
    )
    (pad 1 smd roundrect (at -0.875 0) (size 1.05 0.95) (layers F.Cu F.Paste F.Mask) (roundrect_rratio 0.25)
      (net 28 +5V))
    (pad 2 smd roundrect (at 0.875 0) (size 1.05 0.95) (layers F.Cu F.Paste F.Mask) (roundrect_rratio 0.25)
      (net 11 GND))
    (model ${KISYS3DMOD}/Capacitor_SMD.3dshapes/C_0603_1608Metric.wrl
      (at (xyz 0 0 0))
      (scale (xyz 1 1 1))
      (rotate (xyz 0 0 0))
    )
  )

  (module Connector_JST:JST_EH_B04B-EH-A_1x04_P2.50mm_Vertical (layer F.Cu) (tedit 5B772AC7) (tstamp 5C3535CA)
    (at 101 -25)
    (descr "JST EH series connector, B04B-EH-A (http://www.jst-mfg.com/product/pdf/eng/eEH.pdf), generated with kicad-footprint-generator")
    (tags "connector JST EH side entry")
    (path /5C600177)
    (fp_text reference J2 (at 3.75 -2.8) (layer F.SilkS)
      (effects (font (size 1 1) (thickness 0.15)))
    )
    (fp_text value PRGM (at 3.75 3.4) (layer F.Fab)
      (effects (font (size 1 1) (thickness 0.15)))
    )
    (fp_text user %R (at 3.75 1.5) (layer F.Fab)
      (effects (font (size 1 1) (thickness 0.15)))
    )
    (fp_line (start -2.91 2.61) (end -0.41 2.61) (layer F.Fab) (width 0.1))
    (fp_line (start -2.91 0.11) (end -2.91 2.61) (layer F.Fab) (width 0.1))
    (fp_line (start -2.91 2.61) (end -0.41 2.61) (layer F.SilkS) (width 0.12))
    (fp_line (start -2.91 0.11) (end -2.91 2.61) (layer F.SilkS) (width 0.12))
    (fp_line (start 9.11 0.81) (end 9.11 2.31) (layer F.SilkS) (width 0.12))
    (fp_line (start 10.11 0.81) (end 9.11 0.81) (layer F.SilkS) (width 0.12))
    (fp_line (start -1.61 0.81) (end -1.61 2.31) (layer F.SilkS) (width 0.12))
    (fp_line (start -2.61 0.81) (end -1.61 0.81) (layer F.SilkS) (width 0.12))
    (fp_line (start 9.61 0) (end 10.11 0) (layer F.SilkS) (width 0.12))
    (fp_line (start 9.61 -1.21) (end 9.61 0) (layer F.SilkS) (width 0.12))
    (fp_line (start -2.11 -1.21) (end 9.61 -1.21) (layer F.SilkS) (width 0.12))
    (fp_line (start -2.11 0) (end -2.11 -1.21) (layer F.SilkS) (width 0.12))
    (fp_line (start -2.61 0) (end -2.11 0) (layer F.SilkS) (width 0.12))
    (fp_line (start 10.11 -1.71) (end -2.61 -1.71) (layer F.SilkS) (width 0.12))
    (fp_line (start 10.11 2.31) (end 10.11 -1.71) (layer F.SilkS) (width 0.12))
    (fp_line (start -2.61 2.31) (end 10.11 2.31) (layer F.SilkS) (width 0.12))
    (fp_line (start -2.61 -1.71) (end -2.61 2.31) (layer F.SilkS) (width 0.12))
    (fp_line (start 10.5 -2.1) (end -3 -2.1) (layer F.CrtYd) (width 0.05))
    (fp_line (start 10.5 2.7) (end 10.5 -2.1) (layer F.CrtYd) (width 0.05))
    (fp_line (start -3 2.7) (end 10.5 2.7) (layer F.CrtYd) (width 0.05))
    (fp_line (start -3 -2.1) (end -3 2.7) (layer F.CrtYd) (width 0.05))
    (fp_line (start 10 -1.6) (end -2.5 -1.6) (layer F.Fab) (width 0.1))
    (fp_line (start 10 2.2) (end 10 -1.6) (layer F.Fab) (width 0.1))
    (fp_line (start -2.5 2.2) (end 10 2.2) (layer F.Fab) (width 0.1))
    (fp_line (start -2.5 -1.6) (end -2.5 2.2) (layer F.Fab) (width 0.1))
    (pad 4 thru_hole oval (at 7.5 0) (size 1.7 1.95) (drill 0.95) (layers *.Cu *.Mask)
      (net 11 GND))
    (pad 3 thru_hole oval (at 5 0) (size 1.7 1.95) (drill 0.95) (layers *.Cu *.Mask)
      (net 97 /DO))
    (pad 2 thru_hole oval (at 2.5 0) (size 1.7 1.95) (drill 0.95) (layers *.Cu *.Mask)
      (net 96 /DI))
    (pad 1 thru_hole roundrect (at 0 0) (size 1.7 1.95) (drill 0.95) (layers *.Cu *.Mask) (roundrect_rratio 0.147059)
      (net 26 +3V3))
    (model ${KISYS3DMOD}/Connector_JST.3dshapes/JST_EH_B04B-EH-A_1x04_P2.50mm_Vertical.wrl
      (at (xyz 0 0 0))
      (scale (xyz 1 1 1))
      (rotate (xyz 0 0 0))
    )
  )

  (module Connector_JST:JST_EH_B04B-EH-A_1x04_P2.50mm_Vertical (layer F.Cu) (tedit 5B772AC7) (tstamp 5C352721)
    (at 87 -26)
    (descr "JST EH series connector, B04B-EH-A (http://www.jst-mfg.com/product/pdf/eng/eEH.pdf), generated with kicad-footprint-generator")
    (tags "connector JST EH side entry")
    (path /5BEF101B)
    (fp_text reference J6 (at 3.75 -2.8) (layer F.SilkS)
      (effects (font (size 1 1) (thickness 0.15)))
    )
    (fp_text value PRGM (at 3.75 3.4) (layer F.Fab)
      (effects (font (size 1 1) (thickness 0.15)))
    )
    (fp_line (start -2.5 -1.6) (end -2.5 2.2) (layer F.Fab) (width 0.1))
    (fp_line (start -2.5 2.2) (end 10 2.2) (layer F.Fab) (width 0.1))
    (fp_line (start 10 2.2) (end 10 -1.6) (layer F.Fab) (width 0.1))
    (fp_line (start 10 -1.6) (end -2.5 -1.6) (layer F.Fab) (width 0.1))
    (fp_line (start -3 -2.1) (end -3 2.7) (layer F.CrtYd) (width 0.05))
    (fp_line (start -3 2.7) (end 10.5 2.7) (layer F.CrtYd) (width 0.05))
    (fp_line (start 10.5 2.7) (end 10.5 -2.1) (layer F.CrtYd) (width 0.05))
    (fp_line (start 10.5 -2.1) (end -3 -2.1) (layer F.CrtYd) (width 0.05))
    (fp_line (start -2.61 -1.71) (end -2.61 2.31) (layer F.SilkS) (width 0.12))
    (fp_line (start -2.61 2.31) (end 10.11 2.31) (layer F.SilkS) (width 0.12))
    (fp_line (start 10.11 2.31) (end 10.11 -1.71) (layer F.SilkS) (width 0.12))
    (fp_line (start 10.11 -1.71) (end -2.61 -1.71) (layer F.SilkS) (width 0.12))
    (fp_line (start -2.61 0) (end -2.11 0) (layer F.SilkS) (width 0.12))
    (fp_line (start -2.11 0) (end -2.11 -1.21) (layer F.SilkS) (width 0.12))
    (fp_line (start -2.11 -1.21) (end 9.61 -1.21) (layer F.SilkS) (width 0.12))
    (fp_line (start 9.61 -1.21) (end 9.61 0) (layer F.SilkS) (width 0.12))
    (fp_line (start 9.61 0) (end 10.11 0) (layer F.SilkS) (width 0.12))
    (fp_line (start -2.61 0.81) (end -1.61 0.81) (layer F.SilkS) (width 0.12))
    (fp_line (start -1.61 0.81) (end -1.61 2.31) (layer F.SilkS) (width 0.12))
    (fp_line (start 10.11 0.81) (end 9.11 0.81) (layer F.SilkS) (width 0.12))
    (fp_line (start 9.11 0.81) (end 9.11 2.31) (layer F.SilkS) (width 0.12))
    (fp_line (start -2.91 0.11) (end -2.91 2.61) (layer F.SilkS) (width 0.12))
    (fp_line (start -2.91 2.61) (end -0.41 2.61) (layer F.SilkS) (width 0.12))
    (fp_line (start -2.91 0.11) (end -2.91 2.61) (layer F.Fab) (width 0.1))
    (fp_line (start -2.91 2.61) (end -0.41 2.61) (layer F.Fab) (width 0.1))
    (fp_text user %R (at 3.75 1.5) (layer F.Fab)
      (effects (font (size 1 1) (thickness 0.15)))
    )
    (pad 1 thru_hole roundrect (at 0 0) (size 1.7 1.95) (drill 0.95) (layers *.Cu *.Mask) (roundrect_rratio 0.147059)
      (net 26 +3V3))
    (pad 2 thru_hole oval (at 2.5 0) (size 1.7 1.95) (drill 0.95) (layers *.Cu *.Mask)
      (net 58 /C2CK))
    (pad 3 thru_hole oval (at 5 0) (size 1.7 1.95) (drill 0.95) (layers *.Cu *.Mask)
      (net 59 /C2D))
    (pad 4 thru_hole oval (at 7.5 0) (size 1.7 1.95) (drill 0.95) (layers *.Cu *.Mask)
      (net 11 GND))
    (model ${KISYS3DMOD}/Connector_JST.3dshapes/JST_EH_B04B-EH-A_1x04_P2.50mm_Vertical.wrl
      (at (xyz 0 0 0))
      (scale (xyz 1 1 1))
      (rotate (xyz 0 0 0))
    )
  )

  (module Connector_Multicomp:Multicomp_MC9A12-1034_2x05_P2.54mm_Vertical (layer F.Cu) (tedit 5A16A5B2) (tstamp 5C353551)
    (at 66 -22)
    (descr http://www.farnell.com/datasheets/1520732.pdf)
    (tags "connector multicomp MC9A MC9A12")
    (path /5BF22353)
    (fp_text reference J4 (at -3 -7) (layer F.SilkS)
      (effects (font (size 1 1) (thickness 0.15)))
    )
    (fp_text value P1 (at 5.08 5) (layer F.Fab)
      (effects (font (size 1 1) (thickness 0.15)))
    )
    (fp_line (start 15.75 3.7) (end -5.55 3.7) (layer F.CrtYd) (width 0.05))
    (fp_line (start 15.75 -6.25) (end 15.75 3.7) (layer F.CrtYd) (width 0.05))
    (fp_line (start -5.55 -6.25) (end 15.75 -6.25) (layer F.CrtYd) (width 0.05))
    (fp_line (start -5.55 3.7) (end -5.55 -6.25) (layer F.CrtYd) (width 0.05))
    (fp_line (start -1.6 0) (end -2.2 0.6) (layer F.SilkS) (width 0.15))
    (fp_line (start -2.2 -0.6) (end -1.6 0) (layer F.SilkS) (width 0.15))
    (fp_line (start -2.2 0.6) (end -2.2 -0.6) (layer F.SilkS) (width 0.15))
    (fp_line (start -2.65 -5.84) (end -2.15 -5.84) (layer F.SilkS) (width 0.15))
    (fp_line (start -2.15 -5.94) (end -2.15 -5.74) (layer F.SilkS) (width 0.15))
    (fp_line (start -2.65 -5.94) (end -2.15 -5.94) (layer F.SilkS) (width 0.15))
    (fp_line (start -2.65 -5.74) (end -2.65 -5.94) (layer F.SilkS) (width 0.15))
    (fp_line (start 12.31 -5.84) (end 12.81 -5.84) (layer F.SilkS) (width 0.15))
    (fp_line (start 12.81 -5.94) (end 12.81 -5.74) (layer F.SilkS) (width 0.15))
    (fp_line (start 12.31 -5.94) (end 12.81 -5.94) (layer F.SilkS) (width 0.15))
    (fp_line (start 12.31 -5.74) (end 12.31 -5.94) (layer F.SilkS) (width 0.15))
    (fp_line (start 4.83 -5.84) (end 5.33 -5.84) (layer F.SilkS) (width 0.15))
    (fp_line (start 5.33 -5.94) (end 5.33 -5.74) (layer F.SilkS) (width 0.15))
    (fp_line (start 4.83 -5.94) (end 5.33 -5.94) (layer F.SilkS) (width 0.15))
    (fp_line (start 4.83 -5.74) (end 4.83 -5.94) (layer F.SilkS) (width 0.15))
    (fp_line (start 7.305 1.9) (end 7.305 3.2) (layer F.SilkS) (width 0.15))
    (fp_line (start 14.03 1.9) (end 7.305 1.9) (layer F.SilkS) (width 0.15))
    (fp_line (start 14.03 -4.44) (end 14.03 1.9) (layer F.SilkS) (width 0.15))
    (fp_line (start -3.87 -4.44) (end 14.03 -4.44) (layer F.SilkS) (width 0.15))
    (fp_line (start -3.87 1.9) (end -3.87 -4.44) (layer F.SilkS) (width 0.15))
    (fp_line (start 2.855 1.9) (end -3.87 1.9) (layer F.SilkS) (width 0.15))
    (fp_line (start 2.855 3.2) (end 2.855 1.9) (layer F.SilkS) (width 0.15))
    (fp_line (start 15.23 3.2) (end -5.07 3.2) (layer F.SilkS) (width 0.15))
    (fp_line (start 15.23 -5.74) (end 15.23 3.2) (layer F.SilkS) (width 0.15))
    (fp_line (start -5.07 -5.74) (end 15.23 -5.74) (layer F.SilkS) (width 0.15))
    (fp_line (start -5.07 3.2) (end -5.07 -5.74) (layer F.SilkS) (width 0.15))
    (fp_text user %R (at 5.08 -1.27) (layer F.Fab)
      (effects (font (size 1 1) (thickness 0.15)))
    )
    (pad 10 thru_hole circle (at 10.16 -2.54) (size 1.7 1.7) (drill 1) (layers *.Cu *.Mask)
      (net 104 "Net-(J4-Pad10)"))
    (pad 9 thru_hole circle (at 10.16 0) (size 1.7 1.7) (drill 1) (layers *.Cu *.Mask)
      (net 60 /P1.6))
    (pad 8 thru_hole circle (at 7.62 -2.54) (size 1.7 1.7) (drill 1) (layers *.Cu *.Mask)
      (net 61 /P1.5))
    (pad 7 thru_hole circle (at 7.62 0) (size 1.7 1.7) (drill 1) (layers *.Cu *.Mask)
      (net 62 /P1.4))
    (pad 6 thru_hole circle (at 5.08 -2.54) (size 1.7 1.7) (drill 1) (layers *.Cu *.Mask)
      (net 63 /P1.3))
    (pad 5 thru_hole circle (at 5.08 0) (size 1.7 1.7) (drill 1) (layers *.Cu *.Mask)
      (net 64 /P1.2))
    (pad 4 thru_hole circle (at 2.54 -2.54) (size 1.7 1.7) (drill 1) (layers *.Cu *.Mask)
      (net 65 /P1.1))
